0.749313125783714
0.7518187931086374
0.7545309305118147
0.7572033843591169
0.7596416912668559
0.7620301175187811
0.7642079656024539
0.7663769953840124
0.7684313925227002
0.7704502875330383
0.7724636215392814
0.7744937502395908
0.7765744408387872
0.7787081393004323
0.7808401686190837
0.7828310653182801
0.7848558565497437
0.7869051160117149
0.7890276994148532
0.7912231905969594
0.7934726623660869
0.7957738982487906
0.7981378931395535
0.8005574670245245
0.8029194541306695
0.8052773382126316
0.8076498105329358
0.8100506365110225
0.8125924904946472
0.8152324322993757
0.8179109812228176
0.8206292688801746
0.8233382083865797
0.8260303253895672
0.8287495605700634
0.8314826397524947
0.8342574843361786
0.837084929443676
0.839951437878657
0.8429720307347353
0.8460387659539208
0.8491521355357282
0.8523090176026559
0.8555121289295303
0.8587628918340159
0.86204535755029
0.8652985297075002
0.868591247951099
0.8719160564988588
0.8752779829123171
0.878689688642419
0.8821585111646353
0.8856672348283807
0.8892433267712766
0.8928615716325573
0.8965344778364024
0.9002641006697852
0.9040350137756973
0.9078749612639112
0.9117579677423697
0.9156966000690041
0.9196972638169287
0.9237408140744305
0.9278449394226151
0.9319964509453901
0.9361945249200863
0.9404498574030986
0.9447493023596485
0.9491029158162674
0.953510943189575
0.9579637428521501
0.9624779411426035
0.9670431464222438
0.9716539612343658
0.9763174751457308
0.9810268684482093
0.9857809312615716
0.9905870388330523
0.9954393791864292
1.0003377459563971
1.0052820893931957
1.010272903515259
1.015304720188802
1.0203824201160152
1.0255066864758102
1.0306718563128052
1.0358778670353272
1.0411304143184352
1.0464219327775082
1.0517590862733455
1.0571427863569087
1.062657270941225
1.0683223914250108
1.0740380356850214
1.0798021964584876
1.0856247459630128
1.0914984327388493
1.097420500028239
1.1033831395556917
1.1093971605019781
1.1154610594491168
1.1214596491768174
1.1275079081624289
1.1336059434067964
1.1397160230688863
1.145869251116331
1.1520718473718878
1.1583377978339822
1.1646699344667775
1.17105234931873
1.1774937677321604
1.1841071681638144
1.1907735549397984
1.197493030533467
1.2042378587350995
1.211023243815706
1.2178613694273264
1.2247119283815857
1.2315042903633306
1.2383470095578195
1.245240159295188
1.2521743805089403
1.2591550791870176
1.2661861881815681
1.273275448575262
1.2805244266403057
1.287825993342908
1.2951802133528472
1.3025420052253138
1.3099287484532647
1.3173670449647448
1.3248569424806556
1.3322907331278178
1.3397460868551065
1.347250833627586
1.3548071009293752
1.3624684832389173
1.3701802498517528
1.377942421061536
1.3857541442695986
1.3936131160814502
1.4015223965633679
1.4094819924860773
1.4174132879771255
1.4252656999253814
1.4331650448440194
1.4411113838187304
1.4491248447116796
1.4572481535029014
1.4654198521414816
1.4736400037525006
1.4818849919450998
1.4901406295237722
1.4984438164345526
1.506794604377765
1.5151064552262323
1.523325023683715
1.531587696080146
1.5398944963215573
1.5482612729447705
1.5568646717265076
1.5655152376555632
1.5742130072511433
1.5829580157817962
1.5914210701469194
1.599917248757899
1.6084555468908166
1.6170359614137644
1.625682384711269
1.6344194906352196
1.6431996475538104
1.6520228514983133
1.6608523297610491
1.6696572348505456
1.678503504364225
1.6873911204840133
1.6963200640606173
1.7051377341469494
1.7139849336018307
1.7228709099783288
1.7317956201731357
1.7407457001919733
1.7497850836873978
1.7588634706830713
1.7679808190403332
1.7771370852856365
1.7861001177015352
1.7950720598024568
1.8040789476145254
1.8131207017955426
1.822169591458222
1.8313248122654011
1.8405152994361158
1.8497409796519944
1.8590017782421369
1.8681212030377676
1.8772321197711574
1.8863747246406337
1.8955489119360462
1.9047545744768637
1.9139554578489364
1.9231765621686483
1.9324283058529674
1.9417105794532743
1.9510232721539338
1.9601737716421683
1.969412725787587
1.9786799422901231
1.9879752947098261
1.9972986552617955
2.0065219697288312
2.015767379160528
2.025038602980573
2.034335497097836
2.043657916772913
2.052825697271024
2.062107742549346
2.071414173101299
2.0807448795754127
2.090099751905871
2.099359096008026
2.1086186643322034
2.1178998959982103
2.1272026589963757
2.1365268205386294
2.1456688482819564
2.1549117346376625
2.1641747551554906
2.1734577849649654
2.182760698628882
2.191874301670797
2.2011135989603208
2.210371379023095
2.2196475149130652
2.2289418792290046
2.238249799631871
2.2474473205269363
2.256660364713942
2.2658887798528715
2.2751324131095725
2.2843911111613697
2.293356482545918
2.302493182168611
2.3116447384167556
2.3208110339852075
2.329991951463972
2.3389082372689507
2.3479969964578435
2.357120285089907
2.3662551855744893
2.375401549398778
2.384559227936007
2.3936682153178435
2.402711353490863
2.4117646775979624
2.4208280520245675
2.429901341269511
2.438984409953456
2.4479650035901077
2.4569123574959826
2.465868350140966
2.4748328612414534
2.483805770862569
2.4927869594263754
2.5013314639202635
2.5102201307441976
2.5191158889885963
2.528018625870627
2.536928229136144
2.545385448692515
2.554330373239859
2.56328308366464
2.5722405118538365
2.5812025153872153
2.590168952338664
2.5991277783076168
2.607658601939074
2.6161936533728642
2.624732870508777
2.6332761923003942
2.6418235587580674
2.6503749109517405
2.6583513230304647
2.6668981841124952
2.675447933131994
2.684000505878016
2.692555839274768
2.7011138713844365
2.709017825729147
2.7176952843934523
2.726373485120405
2.735052326516815
2.743731708270287
2.7524115311564783
2.759975068519988
2.7683334925224217
2.776692080957032
2.7850505630987654
2.793408896350186
2.801767039568366
2.810117294795215
2.8183352340218204
2.8265524786194653
2.8347690093804054
2.8429848086352076
2.851199860830987
2.859414154567802
2.867547072002484
2.8756146554350277
2.883681130430209
2.8917465097165347
2.8998108075969493
2.907874039936645
2.9159362241506037
2.9230617424549337
2.931243817432672
2.9394228626505683
2.94759886054688
2.955771795158018
2.9639416521107456
2.9707129773975733
2.978705720742642
2.9866951897189487
2.99468140196984
3.002664376802311
3.010644135171782
3.018620699666571
3.0263989340068904
3.033905256308546
3.0414095678121016
3.048911977490037
3.056412595765614
3.063911534477334
3.071408906843215
3.077396443750459
3.084987801897828
3.0925759482423176
3.1001609716186476
3.107742962354195
3.115322012237134
3.1228982144843807
3.1285493176061605
3.1361934455405716
3.1438337071023192
3.151470180124655
3.1591029438960954
3.1667320791306657
3.174357667937946
3.1819677698694644
3.189543647825523
3.197114918139047
3.2046816617020295
3.2122439608030016
3.219801899096189
3.2273555615704956
3.2327805232268014
3.240192918544206
3.247710716114067
3.255224268240987
3.26273366929746
3.2702390148714864
3.2777404017331495
3.285237927801115
3.292197298552781
3.2988252302943772
3.3054523511875993
3.3120789053828483
3.3187051370473943
3.325331290296395
3.3319576091246708
3.3361183620521353
3.342872349868662
3.349625748751202
3.356378781009007
3.3631316689203707
3.369884634670295
3.3766379002901146
3.383391687597883
3.387273315676545
3.394340895956269
3.4014047987013023
3.4084651774222614
3.4155221862307585
3.422575979792925
3.4296267132831884
3.436674542338294
3.440036053241363
3.4471077890261337
3.4541764281357232
3.461242124074418
3.468305030746198
3.4753653024100437
3.482423093635537
3.4894785592588105
3.4919245140338506
3.4988581014999283
3.505788517140834
3.5127159300669746
3.5196405096272567
3.526562425360893
3.5334818469496008
3.540398944170255
3.5472569585525173
3.554099766141262
3.56094073951179
3.567780056430409
3.5746178944807876
3.5814544310175864
3.588289843120691
3.5951243075500185
3.601379872161413
3.607349910233685
3.6133222080953633
3.61929706336312
3.625274771592209
3.631255626209837
3.6372399184503674
3.643227937292352
3.644892345068357
3.6509955406634784
3.657102300689481
3.663212896143122
3.669327595398591
3.6754466638203143
3.681570364393721
3.687698957753054
3.6938327021324473
3.694981604019586
3.701317667144754
3.7076538852804615
3.713990480581447
3.720327673979648
3.726665685134473
3.733004732384185
3.739345032698403
3.7395702165460714
3.746033191652957
3.7524967178528774
3.7589609948454585
3.7654262211336484
3.7718925939816237
3.7783603093736287
3.784829561973836
3.7913005450871817
3.7904013661317486
3.796797611603111
3.803194353205375
3.8095917923158784
3.815990129040908
3.822389562174269
3.828790289156849
3.835192506037182
3.8415964074330278
3.8479066693783515
3.8542100606239322
3.8605149099798317
3.8668214176714897
3.8731297823561137
3.879440201085912
3.8857528692723533
3.8920679806515213
3.8983857272505222
3.896967816978004
3.9033122712195247
3.909658897690202
3.916007884808851
3.9223594194005926
3.928713686604201
3.9350708698418795
3.9414311507900446
3.947794709351128
3.95366643838847
3.9594436793725514
3.9652250628539596
3.9710108296968354
3.9768012180386885
3.9825964632563347
3.988396797933419
3.99420245182953
4.000013651850903
3.9978753683408237
4.003846008581167
4.009821533009421
4.015802149207332
4.021788062198244
4.027779474423226
4.033776585718526
4.039779593294342
4.045788691714937
4.042439288013507
4.0482573040818215
4.054080078924175
4.0599078298241
4.065740771375689
4.071579115453405
4.077423071188752
4.083272844948344
4.089128640313373
4.094990658060476
4.089962782807581
4.095720799518752
4.101483956480627
4.107252467725209
4.1130265444879575
4.1188063951862
4.124592225398998
4.130384237848373
4.136182632381962
4.141987605957009
4.135558380668328
4.141572226100627
4.147591587393086
4.153616640848837
4.15964756032669
4.165684517227991
4.171727680484558
4.177777216547717
4.183833289378383
4.189896060438212
4.181807980379501
4.187754452805383
4.19374701520532
4.199743678434389
4.205744504575441
4.211749666987246
4.217759337200098
4.223773684594781
4.229792876386611
4.235817077611294
4.241802281944256
4.2477892411158615
4.253780921574268
4.259777486803798
4.265779098124145
4.271785914678497
4.2777980934225575
4.283815789114505
4.289839154305852
4.295868339333183
4.3019303450501525
4.3080078405006095
4.314091221574627
4.320180627358499
4.326276194798428
4.3323780586965475
4.3384863517076955
4.344601204336997
4.350722744938154
4.35685109971249
4.35017904177292
4.355984649568416
4.361795492516049
4.36761173651369
4.373433545170099
4.379261079795673
4.3850944993941114
4.390933960654987
4.396779617947252
4.402631623313603
4.4084901264657415
4.399848171790299
4.405810821032572
4.411778761036175
4.417752137111251
4.423731092522176
4.429715768481581
4.435706304145163
4.441702836607216
4.447705500896931
4.4537144299754
4.443362593680212
4.4496033959175385
4.455854239297509
4.462110155579259
4.468371256869477
4.4746376536315635
4.480909454683024
4.487186767192987
4.493469696680236
4.499758347011803
4.506052820402052
4.493841896346238
4.499912203932868
4.505998212583822
4.512088706207977
4.518183811205568
4.524283652326109
4.530388352662354
4.536498033644871
4.542612815037171
4.548732814931431
4.554858149744792
4.560948188474965
4.566840197210592
4.572737794872699
4.578641114082135
4.5845502855310185
4.590465437979444
4.596386698252868
4.602314191240117
4.608248039892038
4.614188365220792
4.620135286299731
4.626088920263899
4.6135160726613265
4.6197344913878124
4.625958019031226
4.632186759565511
4.638420815476709
4.6446602877615835
4.650905275926697
4.6571558779879485
4.66341219047052
4.669674308409285
4.675942325349621
4.661623169681008
4.667960845087012
4.674302988620888
4.680649695426697
4.687001059400745
4.6933571731896935
4.699718128189074
4.7060840145421565
4.712454921139174
4.718830935616919
4.725212144358693
4.731598632494594
4.714557289585774
4.720219542500951
4.72588724071576
4.731560527792279
4.737239545347075
4.742924433047169
4.748615328606681
4.754312367784132
4.760015684380376
4.765725410237214
4.771441675236613
4.7517197287385216
4.7576170640284685
4.763675293277619
4.769738299610064
4.775806193811807
4.781879085265567
4.7879570819483215
4.794040290429319
4.800128815868499
4.806222762015334
4.812322231208114
4.818427324373599
4.800562069138571
4.803305357724718
4.809750981974879
4.816200477830523
4.822653930702055
4.829111425072038
4.8355730444814515
4.842038871527652
4.8485089878625915
4.854983474191383
4.861462410271038
4.8679458749095295
4.874433945965085
4.880703200953142
4.886956547970502
4.893213963254465
4.899475543942457
4.90574138615242
4.912011584979619
4.918286234493725
4.924565427736249
4.930849256718206
4.937137812418127
4.943431184780352
4.949729462713566
4.929692705705162
4.935857069042151
4.942024642340254
4.948195538129712
4.9543698680011445
4.960547742598075
4.96672927160973
4.972914563764212
4.979103726821969
4.985296867569613
4.991494091814042
4.997695504376868
5.0039012090892
4.981389188964557
4.987908212714205
4.994430209815738
5.00095526894831
5.007483478141043
5.014014924767507
5.0205496955404785
5.0270878765068785
5.03362955304296
5.04017480984965
5.046723730948151
5.053276399675742
5.02785714098382
5.034733305261223
5.041612071634466
5.048493302906953
5.055377068930507
5.062263439167722
5.069152482687364
5.076044268159983
5.082938863853636
5.089836337629695
5.096736756938871
5.10364018881731
5.11054669988286
5.0837197638165685
5.090883557697039
5.098088301265699
5.10529473606842
5.1125029148938586
5.119712890355101
5.126924714885929
5.134138440737101
5.141354119972787
5.1485718044669895
5.1557915459001356
5.163013395755662
5.170237405316754
5.177463625663106
5.148690373391873
5.156154920552803
5.163627105605793
5.17109963602965
5.178572545461328
5.186045868557312
5.193519639973221
5.200993894360927
5.208468666365779
5.21594399062391
5.2234199017595575
5.230896434382447
5.2383736230851925
5.24586328834455
5.25336380680346
5.260865019205844
5.268366959440197
5.275869661377367
5.2833731588681845
5.290877485741134
5.298382675800047
5.305888762821831
5.313395780554256
5.320903762713762
5.328412742983295
5.335922755010211
5.343433832404173
5.313785737197079
5.32157638031778
5.329367287280533
5.337158483227063
5.344949993392062
5.352741843101194
5.360534057769161
5.368326662897701
5.376119684073694
5.383913146967197
5.391707077329589
5.3995015009910174
5.407296443213207
5.377533874490224
5.383742389056633
5.391796562239537
5.399850734759632
5.407904921722673
5.415959138393867
5.424013400196349
5.432067722709621
5.440122121668011
5.448176612959113
5.456231212622269
5.464285936847007
5.472340801971498
5.480395824481045
5.488451021006511
5.454170821916018
5.4620882998353055
5.470008790524356
5.477932329208074
5.485858951075837
5.4937886912790175
5.501721584928475
5.509657667092108
5.5175969727924175
5.525539537004136
5.533485394651838
5.5414345806076195
5.549387129688787
5.557343076655592
3.8078511666056505
3.8154573149962134
3.82307306580436
3.8306984209669404
3.8383333824250534
3.8459779521240884
3.853632132013759
3.8612959240481324
3.868969330185662
3.8766523523892293
3.8843449926261875
3.892047252868387
3.8997591350922116
3.907480641278612
3.915211773413149
3.9229525334860256
3.930702923492122
3.938462945431023
3.9462326013070794
3.954011893129409
3.9618008229119583
3.969599392673523
3.9774076044378033
3.9852254602334085
3.9930529620939232
4.000890112057915
4.008736912168998
4.01659336447585
4.024459471032251
4.032335233897124
4.040220655134567
4.0481157368138785
4.056020481009621
4.063934889801619
4.071858965275025
4.079792709520343
4.087736124633465
4.095689212715691
4.103651975873809
4.1116244162200735
4.119606535872282
4.127598336953793
4.135599821593558
4.143610991926179
4.15163185009191
4.159662398236729
4.167702638512343
4.175752573076236
4.1838122040917085
4.19188153372791
4.199960564159862
4.208049297568509
4.216147736140754
4.2242558820694756
4.232373737553589
4.240501304798054
4.248638586013936
4.25678558341842
4.264942299234862
4.273108735692815
4.281284895028056
4.289470779482654
4.297666391304956
4.305871732749667
4.31408680607786
4.322311613557021
4.330546157461071
4.338790440070425
4.347044463671998
4.355308230559274
4.3635817430323005
4.371865003397759
4.380158013968982
4.388460777065993
4.396773295015544
4.405095570151132
4.413427604813068
4.421769401348477
4.430120962111366
4.438482289462624
4.44685338577008
4.45523425340854
4.46362489475981
4.4720253122127325
4.480435508163226
4.488855485014314
4.497285245176172
4.505724791066147
4.5141741251088074
4.522633249735959
4.531102167386699
4.539580880507439
4.54806939155194
4.556567702981357
4.565075817264266
4.573593736876697
4.582121464302165
4.590659002031727
4.599206352563989
4.607763518405156
4.616330502069064
4.624907306077206
4.633493932958792
4.64209038525074
4.650696665497771
4.65931277625237
4.667938720074894
4.676574499533558
4.685220117204483
4.693875575671728
4.702540877527335
4.711216025371358
4.719901021811892
4.728595869465115
4.737300570955313
4.746015128914924
4.7547395459845765
4.763473824813101
4.772217968057597
4.780971978383436
4.789735858464321
4.7985096109822996
4.807293238627821
4.816086744099749
4.824890130105418
4.833703399360637
4.842526554589749
4.851359598525671
4.860202533909902
4.869055363492574
4.8779180900324866
4.886790716297131
4.895673245062739
4.904565679114304
4.913468021245627
4.922380274259344
4.931302440966946
4.940234524188849
4.949176526754395
4.958128451501902
4.967090301278692
4.976062078941138
4.985043787354666
4.994035429393838
5.003037007942338
5.012048525893039
5.021069986148018
5.0301013916186035
5.039142745225408
5.048194049898338
5.05725530857667
5.06632652420905
5.075407699753536
5.084498838177655
5.0935999424583995
5.102711015582281
5.11183206054537
5.120963080353324
5.130104078021418
5.139255056574564
5.148416019047396
5.157586968484237
5.166767907939185
5.1759588404761185
5.185159769168736
5.1943706971006085
5.203591627365189
5.212822563065848
5.22206350731592
5.231314463238735
5.240575433967651
5.24984642264609
5.259127432427544
5.268418466475662
5.277719527964245
5.287030620077274
5.296351746008988
5.3056829089638615
5.315024112156681
5.324375358812559
5.333736652166979
5.343107995465807
5.35248939196535
5.361880844932386
5.371282357644181
5.380693933388537
5.390115575463835
5.399547287179025
5.408989071853725
5.418440932818199
5.427902873413417
5.4373748969910904
5.446857006913686
5.456349206554476
5.4658514992975755
5.475363888537959
5.484886377681521
5.494418970145058
5.503961669356366
5.513514478754237
5.523077401788486
5.532650441920019
5.542233602620823
5.551826887374046
