1.252917229107708
1.2898356526162016
1.326047537751541
1.3603642567007432
1.3947679108350342
1.4311885102546424
1.4706259502348284
1.5133375714820811
1.5591876381323697
1.6080768766578886
1.659932821211695
1.714682044351528
1.7722953340830705
1.8327913265767548
1.8961942947977068
1.96252973606511
2.031825512176001
2.104117784213509
2.1794450969243835
2.257846829609625
2.339363277735452
2.4240358237098603
2.5119050078032066
2.6030094582236245
2.69738863394503
2.7950834135922937
2.8961365086550304
3.000592890140154
3.108500223255412
3.2199058720871743
3.334846485982571
3.4533562705106253
3.5754701020245285
3.701223806953659
3.8306544413914105
3.96380057000256
4.100702543549472
4.24140277457163
4.385945550224273
4.5343676778065864
4.686697430046855
4.842962772989067
5.003191866812879
5.167413218719484
5.335655835169436
5.507949373237233
5.684324290895439
5.864811996085781
6.049444994475985
6.238257035840157
