7.155083616537842
7.117630869122001
7.080324862320833
7.043166748384602
7.006157776053175
6.9693011878829925
6.932601703812505
6.89606392826977
6.859692117345496
6.823489651783535
6.787459612620798
6.751604961061844
6.715928583437218
6.680433311354468
6.6451218597818285
6.6099968168943875
6.5750605631117995
6.540315296788938
6.5057631033451635
6.471405952108581
6.43724565160257
6.403283880069674
6.369522213665177
6.335962120012518
6.302604913966765
6.2694517941816725
6.236503867559604
6.203762144012264
6.171227495457549
6.138900688215386
6.10678240720433
6.074873254374102
6.043173716472007
6.011684183285716
5.980404972936326
5.949336333087427
5.91847841605946
5.887831278841543
5.857394915221724
5.827169259237305
5.79715417427939
5.767349432796552
5.737754748636534
5.708369785074072
5.679194154433399
5.650227398161424
5.621468998012625
5.592918393148387
5.564574981957115
5.53643811358909
5.508507069885042
5.480781092458542
5.453259389943317
5.425941139078141
5.398825473873928
5.371911483540697
5.345198229760709
5.318684749109079
5.2923700533577245
5.266253115117748
5.240332871965229
5.2146082418757675
5.189078124781113
5.163741402822891
5.138596928629738
5.1136435291011955
5.088880017790907
5.064305196180842
5.039917854313714
5.015716762898607
4.991700672235975
4.967868324020039
4.94421845284125
4.920749786913707
4.8974610444592654
4.874350924835339
4.8514181209376055
4.8286613227889195
4.806079218129456
4.783670492622316
4.7614338232703
4.739367879650822
4.717471331512593
4.695742849527728
4.674181105730864
4.652784772726011
4.631552515942712
4.610482999438284
4.589574890802683
4.5688268615179135
4.548237587347297
4.527805747315286
4.5075300176399065
4.487409077239632
4.467441610947934
4.4476263097515
4.427961870928418
4.408446997475166
4.389080393405642
4.3698607673080385
4.35078683516596
4.331857320626321
4.313070955292146
4.294426478416263
4.275922632613146
4.25755816479242
4.2393318303854155
4.221242393436837
4.203288626950953
4.185469313005751
4.167783241207072
4.150229206051628
4.132806010741338
4.1155124677021595
4.098347398782524
4.081309635620693
4.064398019094642
4.047611397063966
4.030948624131086
4.014408564205368
3.9979900909768906
3.9816920882651274
3.9655134493378354
3.9494530772235144
3.9335098825419346
3.9176827830595147
3.901970706654344
3.886372591139345
3.870887383773301
3.855514042121897
3.8402515332014735
3.8250988318376957
3.8100549209542742
3.7951187925945407
3.780289448859305
3.7655659015840293
3.750947171784924
3.7364322906705056
3.722020297695315
3.707710239862612
3.6935011734919074
3.6793921637790197
3.665382285983061
3.6514706240694337
3.6376562715052394
3.623938330936933
3.6103159120893697
3.596788133176788
3.5833541206511894
3.570013010530213
3.5567639474141726
3.543606084646516
3.5305385847227084
3.51756061792083
3.5046713624971817
3.491870003719237
3.4791557360312964
3.4665277618687416
3.453985292130053
3.4415275461687953
3.4291537510337933
3.416863142501314
3.4046549625676623
3.392528461650648
3.380482897148219
3.3685175351182446
3.3566316487072085
3.344824519204797
3.3330954352431905
3.3214436929819926
3.309868595400009
3.298369451518117
3.2869455781896924
3.2755962988324527
3.2643209448757102
3.253118853935951
3.2419893716562074
3.230931849592917
3.219945647131189
3.209030128636408
3.19818466602697
3.1874086368462886
3.1767014263054674
3.166062425128186
3.155491031522623
3.1449866490968
3.134548688772647
3.1241765665623844
3.113869704956985
3.103627531439238
3.0934494805674797
3.0833349918930417
3.073283511942479
3.063294492053293
3.053367390452651
3.0435016699944257
3.0336968002226308
3.0239522545304043
3.0142675128119953
3.004642059333134
2.9950753849026808
2.985566984660096
2.9761163600297573
2.966723016824859
2.957386466784929
2.9481062261949385
2.938881816547849
2.9297127638950253
2.920598599215469
2.9115388586597026
2.902533082744092
2.8935808174897626
2.8846816127602453
2.8758350241521424
2.8670406107615163
2.8582979373434183
2.8496065716681582
2.840966086640436
2.8323760589705476
2.8238360700829515
2.8153457057463918
2.806904555657598
2.798512214422287
2.790168279892969
2.7818723551507896
2.773624046243735
2.7654229641735038
2.757268723176851
2.7491609417919785
2.741099242515716
2.733083251223688
2.7251125984250626
2.717186917345081
2.7093058460227044
2.701469025246224
2.693676100019672
2.6859267185049536
2.67822053169082
2.670557194814706
2.6629363655826883
2.6553577062091938
2.647820881463629
2.6403255599171818
2.6328714135363365
2.6254581169995594
2.6180853491657095
2.6107527910589945
2.603460127667601
2.596207046622561
2.5889932385531655
2.5818183977721008
2.5746822206677864
2.5675844076298593
2.5605246612945765
2.5535026874158033
2.5465181950198947
2.5395708951542417
2.5326605026872007
2.5257867343044227
2.518949309633038
2.5121479513353138
2.5053823839836076
2.498652335814161
2.491957536948181
2.485297720347879
2.4786726219376614
2.472081979358012
2.465525533721885
2.4590030280254824
2.4525142076867805
2.4460588210591054
2.439636618003767
2.4332473515754107
2.426890776881536
2.420566651007373
2.414274734171115
2.4080147880189204
2.401786576912071
2.395589867607608
2.389424428344134
2.383290030433882
2.3771864467048465
2.371113451918565
2.3650708236203246
2.3590583406066425
2.353075784269527
2.347122938132327
2.341199587060449
2.3353055187742333
2.3294405224901324
2.3236043891705194
2.317796912441147
2.3120178870736794
2.3062671100013366
2.30054438029418
2.294849498110985
2.289182266124732
2.2835424886892883
2.2779299714083034
2.2723445224768275
2.266785951350783
2.261254069017874
2.255748688892601
2.2502696254048282
2.244816694804792
2.239389715466504
2.2339885066079024
2.2286128894578017
2.2232626870506778
2.2179377233336868
2.2126378244447293
2.207362818025002
2.202112532682149
2.1968867992666983
2.191685449883022
2.186508317683411
2.1813552380412795
2.176226047395649
2.1711205833158194
2.1660386854783673
2.1609801944622
2.1559449520489666
2.1509328020780702
2.1459435892335743
2.1409771594457556
2.136033360610307
2.131112041404563
2.1262130517657174
2.121336243516583
2.1164814692174696
2.111648582673084
2.1068374395122196
2.1020478960548705
2.09727980977449
2.092533039918789
2.0878074464251304
2.0831028903648567
2.0784192345679253
2.0737563425472523
2.069114078858111
2.064492309800817
2.059890902367098
2.055309724481377
2.0507486458012547
2.0462075367037786
2.041686268377684
2.0371847136938905
2.0327027462753833
2.028240240442273
2.0237970721631586
2.0193731182678296
2.0149682561817617
2.010582364867968
2.006215324273834
2.001867014864759
1.9975373184763447
1.993226118079473
1.9889332971203202
1.9846587401972746
1.9804023331899938
1.9761639624308187
1.9719435151550893
1.9677408800180403
1.9635559462103342
1.9593886035959571
1.9552387434941818
1.9511062578836196
1.946991039249465
1.9428929814140026
1.93881197906538
1.934747927307974
1.9307007223326087
1.9266702614310607
1.922656442285306
1.9186591633517767
1.9146783243786578
1.910713825603627
1.9067655677841735
1.9028334529643358
1.898917383873596
1.8950172636263898
1.8911329963821484
1.8872644872739077
1.8834116417965334
1.8795743661427475
1.875752567688599
1.871946154248374
1.868155034070444
1.8643791165558374
1.8606183118067887
1.8568725302559217
1.853141683167875
1.8494256828260345
1.845724441871978
1.8420378734301457
1.8383658917614005
1.834708411669461
1.8310653482741668
1.827436617558606
1.8238221363903588
1.82022182195185
1.8166355919145158
1.8130633650287198
1.8095050605190126
1.8059605979116915
1.8024298975665438
1.798912880672491
1.7954094687118096
1.7919195836066384
1.7884431482939114
1.7849800861708267
1.7815303209069577
1.778093776898693
1.7746703793843288
1.7712600538916115
1.767862726303123
1.7644783234409727
1.7611067726545884
1.7577480015398252
1.754401938250031
1.751068511827983
1.7477476516245765
1.7444392872592802
1.741143349134298
1.7378597683091317
1.734588476082931
1.7313294041200595
1.7280824849711867
1.7248476516068951
1.72162483722118
1.7184139755384222
1.7152150010901757
1.712027848682233
1.7088524533574982
1.705688750853028
1.702536677538414
1.699396170004609
1.6962671651319914
1.6931496005915803
1.6900434145072105
1.6869485452036175
1.6838649313805056
1.680792512528719
1.6777312284544288
1.6746810191591748
1.6716418251236245
1.668613587547104
1.6655962478736026
1.6625897477473615
1.6595940293831308
1.6566090356104262
1.6536347094629602
1.650670994186671
1.647717833656642
1.6447751722578956
1.6418429545585944
1.6389211253582814
1.636009630124873
1.6331084147522583
1.630217425305896
1.627336608102319
1.6244659101356995
1.621605278759894
1.6187546614877817
1.6159140060965578
1.61308326103389
1.6102623750615104
1.6074512970996777
1.604649976345968
1.6018583626527598
1.599076406156481
1.5963040571467952
1.5935412661909016
1.5907879844925388
1.5880441635222244
1.5853097548986452
1.5825847105082647
1.5798689828566457
1.5771625247097034
1.5744652889766042
1.571777228815389
1.5690982979856583
1.5664284505085522
1.5637676405376966
1.5611158224492432
1.5584729512000346
1.5558389820256995
1.5532138702960867
1.5505975715757176
1.5479900419800963
1.5453912379306476
1.5428011159791435
1.5402196328440667
1.537646745750807
1.535082412270771
1.5325265901035785
1.5299792370919958
1.5274403115235096
1.5249097720822422
1.522387577582581
1.5198736869654794
1.5173680595349446
1.5148706550427882
1.512381433381783
1.5099003545623324
1.5074273788702568
1.504962467082308
1.5025055801433573
1.5000566791115104
1.4976157252384106
1.4951826802681483
1.4927575061668334
1.4903401650101409
1.4879306190123398
1.485528830820939
1.4831347633920027
1.4807483797906973
1.4783696431931126
1.4759985171014305
1.4736349654169687
1.4712789521620253
1.468930441460994
1.46658939764617
1.464255785501952
1.461929569984916
1.4596107161507015
1.4572991891841998
1.4549949546748182
1.4526979784855762
1.450408226577863
1.448125665011417
1.4458502601238652
1.4435819786374167
1.4413207873930285
1.439066653324091
1.436819543517116
1.4345794254718462
1.432346266882301
1.4301200355312589
1.4279006992984988
1.4256882263690571
1.4234825852549153
1.4212837445671607
1.4190916730032512
1.4169063394202388
1.4147277130685605
1.4125557633616639
1.4103904597962726
1.4082317719605217
1.406079669734475
1.4039341233033287
1.4017951029442364
1.3996625790151103
1.3975365220138485
1.3954169028081365
1.3933036924321245
1.3911968619982091
1.3890963827000569
1.387002225975248
1.3849143635773213
1.3828327673541807
1.3807574092292396
1.3786882612312577
1.3766252957198544
1.3745684852577318
1.372517802481715
1.3704732201015752
1.3684347109939818
1.3664022483720821
1.3643758055660478
1.3623553559764081
1.360340873078027
1.3583323305911206
1.3563297025060232
1.3543329628924503
1.3523420858882789
1.3503570457261
1.3483778169405838
1.3464043742544953
1.3444366924595295
1.3424747464156135
1.3405185111130207
1.3385679618560151
1.3366230740728704
1.3346838232555729
1.332750184960482
1.3308221349204397
1.328899649153077
1.326982703760904
1.3250712749075442
1.323165338823086
1.321264871955388
1.3193698509946596
1.3174802527010558
1.3155960538942209
1.3137172314656083
1.3118437625512016
1.309975624486033
1.30811279466633
1.3062552505458083
1.3044029696578903
1.302555929796446
1.3007141089199115
1.2988774850434344
1.2970460362376306
1.2952197406599868
1.2933985767322977
1.291582523015797
1.2897715581257885
1.2879656607312304
1.2861648095926497
1.2843689837321621
1.2825781622951689
1.2807923244791293
1.279011449533334
1.2772355167993268
1.2754645058742857
1.2736983964701425
1.2719371683491014
1.2701808013234874
1.2684292752945678
1.266682570412006
1.2649406669380752
1.2632035451836228
1.261471185507898
1.259743568350908
1.258020674391407
1.2563024844246298
1.25458897929146
1.2528801398786003
1.2511759471433113
1.249476382268537
1.2477814265642586
1.2460910613862504
1.244405268135544
1.242724028272952
1.241047323465838
1.2393751355258793
1.2377074463101077
1.2360442377192853
1.2343854917045582
1.2327311903952651
1.231081316087271
1.2294358511233703
1.2277947778876535
1.2261580788076245
1.224525736452514
1.2228977335819877
1.2212740530089252
1.2196546775870971
1.2180395902111223
1.2164287738767317
1.2148222117870973
1.213219887213886
1.211621783468284
1.2100278839008938
1.2084381719286201
1.2068526311691155
1.2052712453383796
1.2036939981904686
1.202120873515869
1.2005518551499907
1.1989869270925877
1.197426073485606
1.1958692785111624
1.1943165263882642
1.1927678013732261
1.1912230878313055
1.1896823703078636
1.1881456334010296
1.186612861744653
1.1850840400081504
1.1835591529215626
1.1820381853993276
1.1805211224454641
1.1790079490993848
1.1774986504370764
1.175993211572883
1.1744916177567974
1.1729938543845964
1.1714999068912266
1.1700097607449051
1.1685234014469956
1.167040814568851
1.1655619858572046
1.1640869011253314
1.1626155462187444
1.161147907015085
1.159683969429359
1.1582237195139782
1.1567671434496085
1.1553142274521233
1.1538649577690137
1.1524193206787776
1.150977302526216
1.1495388898237346
1.148104069147083
1.1466728271020794
1.1452451503245513
1.1438210254834926
1.1424004393673701
1.1409833788959205
1.1395698310235227
1.1381597827335694
1.1367532210383797
1.1353501329990765
1.133950505831111
1.1325543268269085
1.1311615833070392
1.1297722626200821
1.128386352142823
1.1270038393348139
1.125624711801769
1.1242489571920595
1.1228765631811835
1.1215075174717155
1.1201418077978476
1.1187794220126148
1.1174203480799294
1.1160645739930781
1.1147120877715007
1.113362877460719
1.1120169311481873
1.110674237060557
1.1093347834988678
1.1079985587896821
1.1066655512848276
1.105335749361334
1.1040091414555793
1.1026857161445747
1.1013654620550777
1.100048367839342
1.0987344221740594
1.0974236137607047
1.0961159313792754
1.0948113639370285
1.093509900376496
1.0922115296637358
1.0909162407873791
1.0896240227607688
1.0883348646910505
1.0870487557956963
1.0857656853204938
1.084485642534048
1.0832086167276915
1.081934597219519
1.0806635734301802
1.0793955348754352
1.0781304710957982
1.0768683716538239
1.075609226134052
1.0743530241490131
1.0730997554186223
1.0718494097475229
1.0706019769635287
1.0693574469158078
1.0681158094747616
1.066877054538995
1.0656411721143846
1.0644081522852988
1.0631779851577818
1.0619506608583675
1.0607261695338948
1.059504501358322
1.0582856466094617
1.0570695956418343
1.0558563388309703
1.054645866572261
1.0534381692809167
1.0522332373974455
1.051031061460017
1.0498316320858425
1.048634939912893
1.0474409755983387
1.0462497298184767
1.045061193271794
1.0438753567438948
1.0426922111058718
1.041511747250611
1.0403339560895377
1.0391588285525533
1.0379863555892115
1.0368165282220274
1.035649337566603
1.034484774761722
1.0333228309625342
1.0321634973414051
1.0310067650887134
1.0298526254503941
1.0287010697733925
1.0275520894331958
1.0264056758226277
1.0252618203515458
1.0241205144461412
1.022981749570145
1.0218455172902858
1.0207118092125858
1.0195806169598376
1.018451932171561
1.0173257465039458
1.0162020516385017
1.015080839350137
1.013962101471981
1.012845829853794
1.0117320163614667
1.0106206528769888
1.009511731299874
1.0084052435975912
1.0073011818174396
1.0061995380258282
1.005100304304762
1.0040034727518115
1.0029090354800902
1.001816984642197
1.0007273124847156
0.9996400112855461
0.9985550733386558
0.9974724909536484
0.9963922564551301
0.995314362188523
0.9942388005807368
0.9931655641157311
0.99209464529272
0.991026036625179
0.9899597306394948
0.9888957198762641
0.9878339969246405
0.9867745544576121
0.9857173851707833
0.984662481773843
0.9836098369905345
0.9825594435591217
0.9815112942407929
0.9804653818776389
0.9794216993600351
0.9783802395922687
0.9773409954922033
0.9763039599912308
0.9752691260344306
0.9742364866113384
0.9732060347908573
0.9721777636635394
0.9711516663330676
0.9701277359162372
0.9691059655429002
0.9680863483605063
0.9670688775874386
0.9660535464937133
0.9650403483619551
0.9640292764874526
0.9630203241781654
0.962013484754689
0.9610087515679768
0.96000611804853
0.9590055776551394
0.9580071238598145
0.9570107501471701
0.9560164500140369
0.9550242169701232
0.9540340445746698
0.953045926454246
0.9520598562517524
0.9510758276219546
0.9500938342314403
0.9491138697585755
0.9481359278975627
0.9471600024074329
0.9461860870960123
0.9452141757833561
0.9442442623009443
0.9432763404913026
0.9423104042077554
0.9413464473252106
0.9403844637902188
0.9394244475824213
0.9384663926925755
0.9375102931224805
0.9365561428849976
0.9356039360046483
0.9346536665354785
0.9337053286021301
0.9327589163523169
0.9318144239444232
0.9308718455474929
0.9299311753412056
0.9289924075159828
0.9280555362981356
0.927120555979627
0.9261874608700827
0.9252562452894519
0.9243269035679542
0.9233994300460737
0.9224738190749158
0.9215500650453569
0.920628162408361
0.9197081056296943
0.9187898891850929
0.9178735075602169
0.9169589552506565
0.9160462267624437
0.9151353166429027
0.91422621949662
0.9133189299423352
0.912413442608452
0.9115097521329556
0.9106078531633953
0.9097077403574034
0.908809408412529
0.9079128520815841
0.9070180661296133
0.9061250453303065
0.9052337844666228
0.904344278330769
0.9034565217245092
0.9025705094856671
0.9016862365078201
0.900803697698196
0.8999228879729625
0.8990438022572239
0.8981664354850227
0.8972907825994093
0.8964168385734109
0.8955445984372647
0.8946740572366945
0.8938052100260696
0.892938051868343
0.8920725778350944
0.8912087830065156
0.890346662485265
0.8894862114319212
0.8886274250264918
0.8877702984573794
0.886914826921655
0.8860610056250768
0.8852088297817455
0.8843582946211372
0.883509395427368
0.882662127511425
0.8818164861924468
0.880972466798078
0.880130064668294
0.879289275153579
0.8784500936147435
0.8776125154578027
0.8767765361263977
0.8759421510727785
0.8751093557569383
0.874278145642909
0.8734485161866916
0.872620462848182
0.8717939811181796
0.8709690665361661
0.8701457146535512
0.8693239210294518
0.8685036812307168
0.8676849908378388
0.8668678454504636
0.8660522406859013
0.8652381722128543
0.864425635720944
0.8636146269070664
0.8628051414753688
0.8619971751368845
0.861190723602601
0.8603857825855279
0.8595823478376333
0.8587804151481552
0.8579799803146616
0.8571810391418668
0.8563835874416137
0.8555876210380418
0.8547931358010186
0.854000127637233
0.8532085925016025
0.8524185263639668
0.8516299252005229
0.850842784993826
0.8500571017327486
0.8492728713766697
0.8484900897753359
0.8477087527933194
0.8469288563301276
0.8461503962939024
0.84537336860051
0.844597769173515
0.8438235939459957
0.8430508389738993
0.8422795005106759
0.8415095748702508
0.8407410583813429
0.8399739473773343
0.8392082381962858
0.8384439271809184
0.8376810106689402
0.8369194848503964
0.8361593458227113
0.8354005897189096
0.834643212681424
0.8338872108597575
0.8331325804104662
